Dataset	Cell_type	MODEL	NGENES	BETA	BETA_STD	SE	P	Marginal.P	PS
DropViz_all_level1	PC.Neuron	1	14974	NA	NA	NA	NA	6.793e-07	NA
DropViz_all_level1	FC.Neuron	1	14974	NA	NA	NA	NA	1.3787e-06	NA
DropViz_all_level1	GP.Neuron	2	14974	0.042242	0.11098	0.016593	0.0054562	5.2163e-08	0.310754137850349
DropViz_all_level1	FC.Neuron	2	14974	-0.0068159	-0.01806	0.016715	0.65827	1.3787e-06	0.0309862640481301
DropViz_all_level1	SN.Neuron	3	14974	0.052508	0.13779	0.013795	7.0825e-05	1.2489e-09	0.466089325709145
DropViz_all_level1	FC.Neuron	3	14974	-0.013116	-0.034752	0.013684	0.83108	1.3787e-06	0.0137115868044039
DropViz_all_level1	TH.Neuron	4	14974	0.032959	0.085606	0.014489	0.011469	9.8434e-08	0.276939437774035
DropViz_all_level1	FC.Neuron	4	14974	0.0041651	0.011036	0.014023	0.38323	1.3787e-06	0.0710755656714149
DropViz_all_level1	GP.Neuron	5	14974	0.033978	0.089272	0.01523	0.012846	5.2163e-08	0.259690544539525
DropViz_all_level1	PC.Neuron	5	14974	0.0022869	0.0061501	0.014941	0.43918	6.793e-07	0.0579379078217404
DropViz_all_level1	SN.Neuron	6	14974	0.045345	0.11899	0.012897	0.00021971	1.2489e-09	0.410867809605477
DropViz_all_level1	PC.Neuron	6	14974	-0.0049086	-0.013201	0.012458	0.65321	6.793e-07	0.0299852501286926
DropViz_all_level1	TH.Neuron	7	14974	0.028483	0.073981	0.013901	0.020241	9.8434e-08	0.241730143898151
DropViz_all_level1	PC.Neuron	7	14974	0.0090075	0.024224	0.013102	0.24589	6.793e-07	0.098778407788303
DropViz_all_level1	SN.Neuron	8	14974	0.05072	0.1331	0.018434	0.0029706	1.2489e-09	0.283839352599842
DropViz_all_level1	GP.Neuron	8	14974	-0.010266	-0.026973	0.018151	0.71416	5.2163e-08	0.0200757595652359
DropViz_all_level1	GP.Neuron	9	14974	0.023001	0.060431	0.016193	0.077751	5.2163e-08	0.152320368243844
DropViz_all_level1	TH.Neuron	9	14974	0.014973	0.038891	0.016855	0.18718	9.8434e-08	0.103861228887575
DropViz_all_level1	SN.Neuron	10	14974	0.056875	0.14924	0.018635	0.0011385	1.2489e-09	0.330620105784755
DropViz_all_level1	TH.Neuron	10	14974	-0.017455	-0.045336	0.019099	0.81961	9.8434e-08	0.0123297475246186
DropViz_all_level2	SN.Neuron_Th_Cyp26b1.4_3	11	14974	0.023784	0.066695	0.009544	0.0063552	3.0139e-07	0.336898356540351
DropViz_all_level2	SN.Neuron_Th_Vcan.4_5	11	14974	0.022109	0.061531	0.0095824	0.010526	4.7749e-07	0.312881736811761
DropViz_all_level2	SN.Neuron_Th_Cyp26b1.4_3	12	14974	0.0247	0.069262	0.0093733	0.0042097	3.0139e-07	0.364329978890545
DropViz_all_level2	SN.Neuron_Th_Nefl.4_7	12	14974	0.02107	0.058402	0.0093256	0.011937	7.8307e-07	0.314943007227753
DropViz_all_level2	SN.Neuron_Th_Aldh1a1.4_8	13	14974	0.027049	0.074499	0.01038	0.0045876	9.2536e-08	0.332459163847095
DropViz_all_level2	SN.Neuron_Th_Cyp26b1.4_3	13	14974	0.020864	0.058505	0.0098247	0.01686	3.0139e-07	0.271918028403951
DropViz_all_level2	SN.Neuron_Th_Grin2c.4_9	14	14974	0.039736	0.10898	0.010693	0.00010163	5.3368e-10	0.43061566335224
DropViz_all_level2	SN.Neuron_Th_Cyp26b1.4_3	14	14974	0.012373	0.034695	0.010078	0.10979	3.0139e-07	0.147133288046437
DropViz_all_level2	SN.Neuron_Th_Vcan.4_5	15	14974	0.023157	0.064445	0.0099404	0.0099224	4.7749e-07	0.316939083760638
DropViz_all_level2	SN.Neuron_Th_Nefl.4_7	15	14974	0.020836	0.057753	0.0098502	0.01721	7.8307e-07	0.288922619472184
DropViz_all_level2	SN.Neuron_Th_Aldh1a1.4_8	16	14974	0.027699	0.076289	0.01103	0.0060206	9.2536e-08	0.315675051620608
DropViz_all_level2	SN.Neuron_Th_Vcan.4_5	16	14974	0.018571	0.051684	0.010482	0.038226	4.7749e-07	0.224273553809402
DropViz_all_level2	SN.Neuron_Th_Grin2c.4_9	17	14974	0.041574	0.11402	0.011117	9.2463e-05	5.3368e-10	0.435043053534655
DropViz_all_level2	SN.Neuron_Th_Vcan.4_5	17	14974	0.0093989	0.026157	0.010519	0.1858	4.7749e-07	0.115638373645797
DropViz_all_level2	SN.Neuron_Th_Aldh1a1.4_8	18	14974	0.028699	0.079045	0.010775	0.0038707	9.2536e-08	0.342950959643462
DropViz_all_level2	SN.Neuron_Th_Nefl.4_7	18	14974	0.017501	0.048508	0.010146	0.042291	7.8307e-07	0.224976610233063
DropViz_all_level2	SN.Neuron_Th_Grin2c.4_9	19	14974	0.042363	0.11618	0.011015	6.0299e-05	5.3368e-10	0.455064998435016
DropViz_all_level2	SN.Neuron_Th_Nefl.4_7	19	14974	0.0083367	0.023107	0.010328	0.20978	7.8307e-07	0.111073332682984
DropViz_all_level2	SN.Neuron_Th_Grin2c.4_9	20	14974	0.0397	0.10888	0.011977	0.00045985	5.3368e-10	0.359914258497143
DropViz_all_level2	SN.Neuron_Th_Aldh1a1.4_8	20	14974	0.011737	0.032328	0.011926	0.16251	9.2536e-08	0.112191465754073
DropViz_SN_level2	Neuron_Th_Cyp26b1.4_3	21	14974	0.022303	0.06254	0.0096427	0.010371	5.3678e-06	0.376490072959359
DropViz_SN_level2	Neuron_Th_Vcan.4_5	21	14974	0.020638	0.057435	0.0096772	0.016487	8.1694e-06	0.350417648947059
DropViz_SN_level2	Neuron_Th_Aldh1a1.4_8	22	14974	0.025274	0.069612	0.010478	0.0079378	1.9935e-06	0.368448851192772
DropViz_SN_level2	Neuron_Th_Cyp26b1.4_3	22	14974	0.019634	0.055056	0.0099138	0.023836	5.3678e-06	0.307913455271294
DropViz_SN_level2	Neuron_Th_Grin2c.4_9	23	14974	0.038433	0.10541	0.010817	0.00019107	1.4691e-08	0.474764698035281
DropViz_SN_level2	Neuron_Th_Cyp26b1.4_3	23	14974	0.011329	0.031769	0.010148	0.13213	5.3678e-06	0.166786450653792
DropViz_SN_level2	Neuron_Th_Aldh1a1.4_8	24	14974	0.025826	0.071131	0.011119	0.010106	1.9935e-06	0.3500502404942
DropViz_SN_level2	Neuron_Th_Vcan.4_5	24	14974	0.01734	0.048257	0.010557	0.050263	8.1694e-06	0.255267322237403
DropViz_SN_level2	Neuron_Th_Grin2c.4_9	25	14974	0.040201	0.11026	0.011237	0.00017395	1.4691e-08	0.479969388170355
DropViz_SN_level2	Neuron_Th_Vcan.4_5	25	14974	0.0083347	0.023196	0.010579	0.2154	8.1694e-06	0.131049375299169
DropViz_SN_level2	Neuron_Th_Grin2c.4_9	26	14974	0.038622	0.10592	0.012082	0.00069654	1.4691e-08	0.403047955886033
DropViz_SN_level2	Neuron_Th_Aldh1a1.4_8	26	14974	0.010297	0.028361	0.011979	0.19502	1.9935e-06	0.124539132414061
Linnarsson_MouseBrainAtlas_level5	HBSER2	27	15314	0.19667	0.11578	0.052489	8.9898e-05	3.1505e-09	0.475938671040387
Linnarsson_MouseBrainAtlas_level5	HBSER1	27	15314	-0.02859	-0.01521	0.07088	0.65666	4.1447e-06	0.0339357554188528
Linnarsson_MouseBrainAtlas_level5	HBSER2	28	15314	0.18548	0.10919	0.057574	0.00063879	3.1505e-09	0.375768582607841
Linnarsson_MouseBrainAtlas_level5	HBSER3	28	15314	-0.010104	-0.0050058	0.082793	0.54857	6.6511e-07	0.0422152257979627
Linnarsson_MouseBrainAtlas_level5	HBSER2	29	15314	0.10502	0.061825	0.059931	0.039873	3.1505e-09	0.164594630474841
Linnarsson_MouseBrainAtlas_level5	HBSER4	29	15314	0.096776	0.050381	0.066682	0.073357	5.1723e-09	0.136919518596626
Linnarsson_MouseBrainAtlas_level5	HBSER5	30	15314	0.15231	0.092111	0.068759	0.013383	2.9561e-10	0.196598940246754
Linnarsson_MouseBrainAtlas_level5	HBSER2	30	15314	0.038473	0.02265	0.070783	0.29339	3.1505e-09	0.0626415507336806
Linnarsson_MouseBrainAtlas_level5	HBSER2	31	15314	0.14862	0.087498	0.035303	1.2845e-05	3.1505e-09	0.575333359347691
Linnarsson_MouseBrainAtlas_level5	MBDOP2	31	15314	0.11503	0.047497	0.063569	0.035195	5.5864e-06	0.276709606731871
Linnarsson_MouseBrainAtlas_level5	HBSER2	32	15314	0.17163	0.10104	0.044782	6.3673e-05	3.1505e-09	0.493558219827698
Linnarsson_MouseBrainAtlas_level5	HBGLU2	32	15314	0.017993	0.0070058	0.073656	0.40351	6.1456e-06	0.0756309239546515
Linnarsson_MouseBrainAtlas_level5	HBSER2	33	15314	0.13061	0.076893	0.034614	8.0838e-05	3.1505e-09	0.481365221149147
Linnarsson_MouseBrainAtlas_level5	HBGLU1	33	15314	0.11776	0.064989	0.03761	0.00087279	3.0877e-08	0.407315793327887
Linnarsson_MouseBrainAtlas_level5	HBSER2	34	15314	0.12694	0.074735	0.038908	0.00055303	3.1505e-09	0.383132992457872
Linnarsson_MouseBrainAtlas_level5	HBCHO2	34	15314	0.085693	0.049963	0.038539	0.013097	5.9379e-08	0.26054975357029
Linnarsson_MouseBrainAtlas_level5	HBSER2	35	15314	0.14878	0.087591	0.038516	5.6278e-05	3.1505e-09	0.499864859509987
Linnarsson_MouseBrainAtlas_level5	HBCHO1	35	15314	0.048899	0.025887	0.036559	0.090533	2.8092e-06	0.187914729554178
Linnarsson_MouseBrainAtlas_level5	HBSER2	36	15314	0.12523	0.073726	0.046341	0.0034463	3.1505e-09	0.289667942165994
Linnarsson_MouseBrainAtlas_level5	HBCHO3	36	15314	0.059734	0.041456	0.037987	0.057931	3.7895e-08	0.166691723861022
Linnarsson_MouseBrainAtlas_level5	HBSER2	37	15314	0.15724	0.092568	0.041967	8.9927e-05	3.1505e-09	0.475922194708782
Linnarsson_MouseBrainAtlas_level5	HBCHO4	37	15314	0.035181	0.020825	0.044785	0.21607	3.2672e-06	0.121295450629538
Linnarsson_MouseBrainAtlas_level5	HBSER2	38	15314	0.14075	0.082862	0.039528	0.00018548	3.1505e-09	0.438940188606601
Linnarsson_MouseBrainAtlas_level5	HBINH5	38	15314	0.087547	0.037586	0.055644	0.057832	6.1146e-07	0.199212280130979
Linnarsson_MouseBrainAtlas_level5	HBSER2	39	15314	0.13649	0.080352	0.037199	0.00012215	3.1505e-09	0.460277722500506
Linnarsson_MouseBrainAtlas_level5	HBINH6	39	15314	0.099503	0.044865	0.047891	0.018878	3.5286e-07	0.267194325750295
Linnarsson_MouseBrainAtlas_level5	HBSER2	40	15314	0.13667	0.080458	0.041619	0.00051334	3.1505e-09	0.386937394761604
Linnarsson_MouseBrainAtlas_level5	HBINH2	40	15314	0.064457	0.038964	0.04192	0.062084	2.4232e-07	0.182450322011951
Linnarsson_MouseBrainAtlas_level5	HBSER3	41	15314	0.17808	0.088225	0.092369	0.026941	6.6511e-07	0.254097332205979
Linnarsson_MouseBrainAtlas_level5	HBSER1	41	15314	0.039512	0.02102	0.086738	0.32437	4.1447e-06	0.0908423023639639
Linnarsson_MouseBrainAtlas_level5	HBSER4	42	15314	0.17468	0.090938	0.047793	0.00012905	5.1723e-09	0.469357173127124
Linnarsson_MouseBrainAtlas_level5	HBSER1	42	15314	0.038815	0.020649	0.058005	0.2517	4.1447e-06	0.111308131267544
Linnarsson_MouseBrainAtlas_level5	HBSER5	43	15314	0.18886	0.11421	0.043909	8.5519e-06	2.9561e-10	0.531827894538258
Linnarsson_MouseBrainAtlas_level5	HBSER1	43	15314	-0.0055651	-0.0029606	0.06104	0.53632	4.1447e-06	0.050269514274277
Linnarsson_MouseBrainAtlas_level5	HBSER1	44	15314	0.1208	0.064263	0.050798	0.0087091	4.1447e-06	0.382726257752675
Linnarsson_MouseBrainAtlas_level5	MBDOP2	44	15314	0.15274	0.063067	0.067737	0.012078	5.5864e-06	0.365134814986527
Linnarsson_MouseBrainAtlas_level5	HBSER1	45	15314	0.12596	0.06701	0.048396	0.004629	4.1447e-06	0.433722215886553
Linnarsson_MouseBrainAtlas_level5	HBGLU2	45	15314	0.14465	0.056319	0.058947	0.0070725	6.1456e-06	0.412636203046847
Linnarsson_MouseBrainAtlas_level5	HBGLU1	46	15314	0.15118	0.083434	0.035061	8.148e-06	3.0877e-08	0.677590109926111
Linnarsson_MouseBrainAtlas_level5	HBSER1	46	15314	0.13178	0.070103	0.043574	0.0012486	4.1447e-06	0.5394469015908
Linnarsson_MouseBrainAtlas_level5	HBCHO2	47	15314	0.12772	0.074468	0.033512	6.9418e-05	5.9379e-08	0.575465906107182
Linnarsson_MouseBrainAtlas_level5	HBSER1	47	15314	0.11512	0.061241	0.045687	0.0058785	4.1447e-06	0.414441359642391
Linnarsson_MouseBrainAtlas_level5	HBCHO1	48	15314	0.09636	0.051014	0.031993	0.0013001	2.8092e-06	0.51987142468687
Linnarsson_MouseBrainAtlas_level5	HBSER1	48	15314	0.13134	0.069873	0.045515	0.0019555	4.1447e-06	0.503249179348668
Linnarsson_MouseBrainAtlas_level5	HBCHO3	49	15314	0.10621	0.073711	0.029901	0.00019168	3.7895e-08	0.500904699736838
Linnarsson_MouseBrainAtlas_level5	HBSER1	49	15314	0.093094	0.049525	0.049258	0.029392	4.1447e-06	0.284583167250606
Linnarsson_MouseBrainAtlas_level5	HBCHO4	50	15314	0.093883	0.055574	0.041724	0.012229	3.2672e-06	0.348645701634586
Linnarsson_MouseBrainAtlas_level5	HBSER1	50	15314	0.11333	0.060292	0.052798	0.015922	4.1447e-06	0.334045531977506
Linnarsson_MouseBrainAtlas_level5	HBINH5	51	15314	0.15804	0.06785	0.047741	0.00046705	6.1146e-07	0.53602090555784
Linnarsson_MouseBrainAtlas_level5	HBSER1	51	15314	0.12361	0.065758	0.045796	0.0034801	4.1447e-06	0.456740385601166
Linnarsson_MouseBrainAtlas_level5	HBINH6	52	15314	0.15178	0.068435	0.04304	0.00021124	3.5286e-07	0.569590419869535
Linnarsson_MouseBrainAtlas_level5	HBSER1	52	15314	0.1253	0.066656	0.045144	0.0027597	4.1447e-06	0.475454685797741
Linnarsson_MouseBrainAtlas_level5	HBINH2	53	15314	0.11641	0.070371	0.03592	0.00059727	2.4232e-07	0.487306376620502
Linnarsson_MouseBrainAtlas_level5	HBSER1	53	15314	0.10818	0.057549	0.048157	0.012348	4.1447e-06	0.354556606249521
Linnarsson_MouseBrainAtlas_level5	HBSER4	54	15314	0.17185	0.089465	0.05507	0.00090409	5.1723e-09	0.367327075941906
Linnarsson_MouseBrainAtlas_level5	HBSER3	54	15314	0.041441	0.020531	0.071175	0.28021	6.6511e-07	0.0894458219025901
Linnarsson_MouseBrainAtlas_level5	HBSER5	55	15314	0.20837	0.12601	0.053381	4.7632e-05	2.9561e-10	0.453560057445814
Linnarsson_MouseBrainAtlas_level5	HBSER3	55	15314	-0.04015	-0.019891	0.079023	0.6943	6.6511e-07	0.0256516273707595
Linnarsson_MouseBrainAtlas_level5	HBSER3	56	15314	0.15426	0.076425	0.053108	0.0018406	6.6511e-07	0.442770506282842
Linnarsson_MouseBrainAtlas_level5	MBDOP2	56	15314	0.1388	0.057311	0.0665	0.018444	5.5864e-06	0.330132966607455
Linnarsson_MouseBrainAtlas_level5	HBSER3	57	15314	0.15391	0.076252	0.054792	0.0024876	6.6511e-07	0.421592122847907
Linnarsson_MouseBrainAtlas_level5	HBGLU2	57	15314	0.11936	0.046475	0.062669	0.028421	6.1456e-06	0.29672449808012
Linnarsson_MouseBrainAtlas_level5	HBGLU1	58	15314	0.14585	0.080493	0.035243	1.7583e-05	3.0877e-08	0.633112649759698
Linnarsson_MouseBrainAtlas_level5	HBSER3	58	15314	0.15604	0.077307	0.046643	0.00041167	6.6511e-07	0.548064173456965
Linnarsson_MouseBrainAtlas_level5	HBCHO2	59	15314	0.11905	0.069411	0.034558	0.00028648	5.9379e-08	0.490274799613648
Linnarsson_MouseBrainAtlas_level5	HBSER3	59	15314	0.13464	0.066705	0.050172	0.0036453	6.6511e-07	0.394726352144388
Linnarsson_MouseBrainAtlas_level5	HBSER3	60	15314	0.15605	0.077311	0.04961	0.00083033	6.6511e-07	0.498736626840253
Linnarsson_MouseBrainAtlas_level5	HBCHO1	60	15314	0.087426	0.046284	0.032745	0.0037979	2.8092e-06	0.436006937727098
Linnarsson_MouseBrainAtlas_level5	HBCHO3	61	15314	0.098227	0.068169	0.031085	0.0007905	3.7895e-08	0.417992638158692
Linnarsson_MouseBrainAtlas_level5	HBSER3	61	15314	0.11505	0.056997	0.054531	0.017447	6.6511e-07	0.284644474324726
Linnarsson_MouseBrainAtlas_level5	HBSER3	62	15314	0.14684	0.07275	0.057762	0.0055125	6.6511e-07	0.365648769260216
Linnarsson_MouseBrainAtlas_level5	HBCHO4	62	15314	0.079131	0.046841	0.042865	0.032452	3.2672e-06	0.271382832700684
Linnarsson_MouseBrainAtlas_level5	HBINH5	63	15314	0.14263	0.061236	0.049743	0.0020723	6.1146e-07	0.431880644919046
Linnarsson_MouseBrainAtlas_level5	HBSER3	63	15314	0.14426	0.07147	0.050814	0.0022657	6.6511e-07	0.428161241145598
Linnarsson_MouseBrainAtlas_level5	HBINH6	64	15314	0.13964	0.062962	0.044336	0.00081906	3.5286e-07	0.478377881922251
Linnarsson_MouseBrainAtlas_level5	HBSER3	64	15314	0.14606	0.072361	0.049522	0.0015945	6.6511e-07	0.452861783466583
Linnarsson_MouseBrainAtlas_level5	HBINH2	65	15314	0.10528	0.063639	0.037681	0.0026075	2.4232e-07	0.390557392895865
Linnarsson_MouseBrainAtlas_level5	HBSER3	65	15314	0.13023	0.064517	0.053797	0.0077511	6.6511e-07	0.341686945562393
Linnarsson_MouseBrainAtlas_level5	HBSER5	66	15314	0.16907	0.10225	0.071167	0.008764	2.9561e-10	0.215892222858063
Linnarsson_MouseBrainAtlas_level5	HBSER4	66	15314	0.021302	0.01109	0.081515	0.39692	5.1723e-09	0.0484288799879494
Linnarsson_MouseBrainAtlas_level5	HBSER4	67	15314	0.16163	0.084144	0.038459	1.3268e-05	5.1723e-09	0.588584162666025
Linnarsson_MouseBrainAtlas_level5	MBDOP2	67	15314	0.12721	0.052525	0.062242	0.020497	5.5864e-06	0.321407221391538
Linnarsson_MouseBrainAtlas_level5	HBSER4	68	15314	0.17869	0.093026	0.047819	9.3517e-05	5.1723e-09	0.486236500152426
Linnarsson_MouseBrainAtlas_level5	HBGLU2	68	15314	0.038723	0.015077	0.070688	0.29192	6.1456e-06	0.102608221492394
Linnarsson_MouseBrainAtlas_level5	HBSER4	69	15314	0.14577	0.075887	0.037484	5.0577e-05	5.1723e-09	0.518450754532434
Linnarsson_MouseBrainAtlas_level5	HBGLU1	69	15314	0.12496	0.068962	0.036606	0.00032146	3.0877e-08	0.465073682185919
Linnarsson_MouseBrainAtlas_level5	HBSER4	70	15314	0.13882	0.072269	0.041038	0.00035975	5.1723e-09	0.415624877863191
Linnarsson_MouseBrainAtlas_level5	HBCHO2	70	15314	0.094608	0.055161	0.036534	0.004809	5.9379e-08	0.320762173334978
Linnarsson_MouseBrainAtlas_level5	HBSER4	71	15314	0.15877	0.082653	0.040643	4.7046e-05	5.1723e-09	0.522243798392398
Linnarsson_MouseBrainAtlas_level5	HBCHO1	71	15314	0.060962	0.032274	0.034672	0.039361	2.8092e-06	0.253076609155026
Linnarsson_MouseBrainAtlas_level5	HBSER4	72	15314	0.13227	0.068857	0.048738	0.0033296	5.1723e-09	0.298999923415641
Linnarsson_MouseBrainAtlas_level5	HBCHO3	72	15314	0.067166	0.046613	0.035908	0.030716	3.7895e-08	0.203820256859939
Linnarsson_MouseBrainAtlas_level5	HBSER4	73	15314	0.16436	0.085565	0.0442	0.00010054	5.1723e-09	0.482441289657147
Linnarsson_MouseBrainAtlas_level5	HBCHO4	73	15314	0.049646	0.029387	0.042393	0.1208	3.2672e-06	0.167328193345442
Linnarsson_MouseBrainAtlas_level5	HBSER4	74	15314	0.15072	0.078463	0.04168	0.00015004	5.1723e-09	0.461458724132277
Linnarsson_MouseBrainAtlas_level5	HBINH5	74	15314	0.10329	0.044346	0.052735	0.025084	6.1146e-07	0.257595432314753
Linnarsson_MouseBrainAtlas_level5	HBSER4	75	15314	0.14844	0.077278	0.040042	0.00010518	5.1723e-09	0.480076633893171
Linnarsson_MouseBrainAtlas_level5	HBINH6	75	15314	0.10927	0.049269	0.046333	0.0091836	3.5286e-07	0.31569459545179
Linnarsson_MouseBrainAtlas_level5	HBSER4	76	15314	0.14576	0.075881	0.044502	0.0005288	5.1723e-09	0.3954360945794
Linnarsson_MouseBrainAtlas_level5	HBINH2	76	15314	0.072889	0.044062	0.040286	0.035214	2.4232e-07	0.219675053035864
Linnarsson_MouseBrainAtlas_level5	HBSER5	77	15314	0.15863	0.095934	0.033499	1.1033e-06	2.9561e-10	0.625158021653473
Linnarsson_MouseBrainAtlas_level5	MBDOP2	77	15314	0.11378	0.046981	0.062097	0.033462	5.5864e-06	0.280884292786283
Linnarsson_MouseBrainAtlas_level5	HBSER5	78	15314	0.1829	0.11061	0.041681	5.7563e-06	2.9561e-10	0.549869045406232
Linnarsson_MouseBrainAtlas_level5	HBGLU2	78	15314	0.0074015	0.0028818	0.070574	0.45824	6.1456e-06	0.0650314083403752
Linnarsson_MouseBrainAtlas_level5	HBSER5	79	15314	0.14348	0.086772	0.032858	6.3513e-06	2.9561e-10	0.545386104088837
Linnarsson_MouseBrainAtlas_level5	HBGLU1	79	15314	0.11632	0.064197	0.036754	0.00077735	3.0877e-08	0.414012293355731
Linnarsson_MouseBrainAtlas_level5	HBSER5	80	15314	0.14116	0.085366	0.036532	5.6021e-05	2.9561e-10	0.446166840632983
Linnarsson_MouseBrainAtlas_level5	HBCHO2	80	15314	0.080022	0.046656	0.037251	0.015857	5.9379e-08	0.249057229416535
Linnarsson_MouseBrainAtlas_level5	HBSER5	81	15314	0.15879	0.096032	0.035792	4.604e-06	2.9561e-10	0.56004904809231
Linnarsson_MouseBrainAtlas_level5	HBCHO1	81	15314	0.04864	0.02575	0.034974	0.08216	2.8092e-06	0.195506751319255
Linnarsson_MouseBrainAtlas_level5	HBSER5	82	15314	0.14497	0.087673	0.043423	0.00042203	2.9561e-10	0.354135502891174
Linnarsson_MouseBrainAtlas_level5	HBCHO3	82	15314	0.04782	0.033187	0.036643	0.09595	3.7895e-08	0.137164489155036
Linnarsson_MouseBrainAtlas_level5	HBSER5	83	15314	0.17083	0.10331	0.039859	9.1638e-06	2.9561e-10	0.528678340166652
Linnarsson_MouseBrainAtlas_level5	HBCHO4	83	15314	0.025216	0.014926	0.043789	0.28236	3.2672e-06	0.100111997538696
Linnarsson_MouseBrainAtlas_level5	HBSER5	84	15314	0.15338	0.092759	0.037184	1.864e-05	2.9561e-10	0.496318048786103
Linnarsson_MouseBrainAtlas_level5	HBINH5	84	15314	0.079868	0.03429	0.053885	0.069156	6.1146e-07	0.186713687594494
Linnarsson_MouseBrainAtlas_level5	HBSER5	85	15314	0.14886	0.090023	0.03552	1.3978e-05	2.9561e-10	0.509435604399495
Linnarsson_MouseBrainAtlas_level5	HBINH6	85	15314	0.091801	0.041392	0.047076	0.025593	3.5286e-07	0.246711208663373
Linnarsson_MouseBrainAtlas_level5	HBSER5	86	15314	0.15204	0.091947	0.039577	6.1373e-05	2.9561e-10	0.442008447535448
Linnarsson_MouseBrainAtlas_level5	HBINH2	86	15314	0.053896	0.03258	0.041038	0.094545	2.4232e-07	0.154840040342065
Linnarsson_MouseBrainAtlas_level5	MBDOP2	87	15314	0.17178	0.070928	0.061596	0.0026492	5.5864e-06	0.490567299210216
Linnarsson_MouseBrainAtlas_level5	HBGLU2	87	15314	0.15505	0.060371	0.056263	0.0029305	6.1456e-06	0.486057665325283
Linnarsson_MouseBrainAtlas_level5	HBGLU1	88	15314	0.15206	0.083919	0.035028	7.1391e-06	3.0877e-08	0.685233886993118
Linnarsson_MouseBrainAtlas_level5	MBDOP2	88	15314	0.17247	0.071214	0.058049	0.0014862	5.5864e-06	0.538357856824242
Linnarsson_MouseBrainAtlas_level5	HBCHO2	89	15314	0.13203	0.07698	0.03244	2.3627e-05	5.9379e-08	0.640237527581919
Linnarsson_MouseBrainAtlas_level5	MBDOP2	89	15314	0.16488	0.068079	0.058973	0.0025918	5.5864e-06	0.492378359548772
Linnarsson_MouseBrainAtlas_level5	HBCHO1	90	15314	0.10164	0.053807	0.031092	0.0005411	2.8092e-06	0.588448366578205
Linnarsson_MouseBrainAtlas_level5	MBDOP2	90	15314	0.18056	0.074554	0.058984	0.0011046	5.5864e-06	0.56289154371569
Linnarsson_MouseBrainAtlas_level5	HBCHO3	91	15314	0.10908	0.075705	0.027679	4.075e-05	3.7895e-08	0.591513957914373
Linnarsson_MouseBrainAtlas_level5	MBDOP2	91	15314	0.14786	0.061053	0.060801	0.0075161	5.5864e-06	0.40435195822232
Linnarsson_MouseBrainAtlas_level5	HBCHO4	92	15314	0.10295	0.06094	0.037562	0.0030682	3.2672e-06	0.458110979556976
Linnarsson_MouseBrainAtlas_level5	MBDOP2	92	15314	0.16141	0.06665	0.063379	0.0054408	5.5864e-06	0.431066847801434
Linnarsson_MouseBrainAtlas_level5	HBINH5	93	15314	0.16387	0.070352	0.046541	0.00021565	6.1146e-07	0.590033424603201
Linnarsson_MouseBrainAtlas_level5	MBDOP2	93	15314	0.16998	0.070188	0.059532	0.0021524	5.5864e-06	0.507737303006026
Linnarsson_MouseBrainAtlas_level5	HBINH6	94	15314	0.1553	0.070022	0.042443	0.00012706	3.5286e-07	0.60380519126495
Linnarsson_MouseBrainAtlas_level5	MBDOP2	94	15314	0.16879	0.069695	0.059363	0.0022354	5.5864e-06	0.504609057005638
Linnarsson_MouseBrainAtlas_level5	HBINH2	95	15314	0.12119	0.073259	0.034029	0.00018502	2.4232e-07	0.564238355348451
Linnarsson_MouseBrainAtlas_level5	MBDOP2	95	15314	0.15694	0.064802	0.060833	0.0049473	5.5864e-06	0.43892817530125
Linnarsson_MouseBrainAtlas_level5	HBGLU1	96	15314	0.14452	0.079757	0.039042	0.00010752	3.0877e-08	0.528404517751712
Linnarsson_MouseBrainAtlas_level5	HBGLU2	96	15314	0.11066	0.043086	0.059099	0.030583	6.1456e-06	0.29061471723004
Linnarsson_MouseBrainAtlas_level5	HBCHO2	97	15314	0.14297	0.08336	0.047103	0.0012035	5.9379e-08	0.404014058053952
Linnarsson_MouseBrainAtlas_level5	HBGLU2	97	15314	0.041892	0.016311	0.078215	0.29612	6.1456e-06	0.101417783636382
Linnarsson_MouseBrainAtlas_level5	HBCHO1	98	15314	0.085689	0.045364	0.039684	0.015422	2.8092e-06	0.326377786096634
Linnarsson_MouseBrainAtlas_level5	HBGLU2	98	15314	0.12235	0.047638	0.068765	0.03761	6.1456e-06	0.273378920092002
Linnarsson_MouseBrainAtlas_level5	HBCHO3	99	15314	0.11572	0.080308	0.035785	0.00061237	3.7895e-08	0.432934252615561
Linnarsson_MouseBrainAtlas_level5	HBGLU2	99	15314	0.058335	0.022713	0.071801	0.20827	6.1456e-06	0.13074579076917
Linnarsson_MouseBrainAtlas_level5	HBCHO4	100	15314	0.094564	0.055976	0.044357	0.016517	3.2672e-06	0.324849783804299
Linnarsson_MouseBrainAtlas_level5	HBGLU2	100	15314	0.12489	0.048626	0.068366	0.033877	6.1456e-06	0.282090221894218
Linnarsson_MouseBrainAtlas_level5	HBINH5	101	15314	0.18147	0.077909	0.084694	0.016079	6.1146e-07	0.288678341394259
Linnarsson_MouseBrainAtlas_level5	HBGLU2	101	15314	0.040438	0.015745	0.098955	0.3414	6.1456e-06	0.0895600577609856
Linnarsson_MouseBrainAtlas_level5	HBINH6	102	15314	0.14787	0.066675	0.055329	0.0037668	3.5286e-07	0.375678561631443
Linnarsson_MouseBrainAtlas_level5	HBGLU2	102	15314	0.091063	0.035456	0.070685	0.098834	6.1456e-06	0.192863096361793
Linnarsson_MouseBrainAtlas_level5	HBINH2	103	15314	0.12443	0.075219	0.046836	0.0039491	2.4232e-07	0.363307631509694
Linnarsson_MouseBrainAtlas_level5	HBGLU2	103	15314	0.070526	0.02746	0.07648	0.17823	6.1456e-06	0.143726073688423
Linnarsson_MouseBrainAtlas_level5	HBGLU1	104	15314	0.12647	0.0698	0.037911	0.00042598	3.0877e-08	0.448794543897271
Linnarsson_MouseBrainAtlas_level5	HBCHO2	104	15314	0.10853	0.063279	0.03456	0.00084536	5.9379e-08	0.425242484126855
Linnarsson_MouseBrainAtlas_level5	HBGLU1	105	15314	0.1428	0.078812	0.037086	5.917e-05	3.0877e-08	0.562941812518375
Linnarsson_MouseBrainAtlas_level5	HBCHO1	105	15314	0.080196	0.042456	0.032397	0.0066606	2.8092e-06	0.392059633344507
Linnarsson_MouseBrainAtlas_level5	HBGLU1	106	15314	0.12614	0.069618	0.037571	0.00039429	3.0877e-08	0.453264825572189
Linnarsson_MouseBrainAtlas_level5	HBCHO3	106	15314	0.093475	0.064872	0.028345	0.00048837	3.7895e-08	0.446174973917579
Linnarsson_MouseBrainAtlas_level5	HBGLU1	107	15314	0.14533	0.080208	0.036264	3.0819e-05	3.0877e-08	0.60066075562325
Linnarsson_MouseBrainAtlas_level5	HBCHO4	107	15314	0.094714	0.056065	0.035617	0.00392	3.2672e-06	0.438715097370567
Linnarsson_MouseBrainAtlas_level5	HBGLU1	108	15314	0.13384	0.073865	0.03873	0.00027523	3.0877e-08	0.474052096832467
Linnarsson_MouseBrainAtlas_level5	HBINH5	108	15314	0.12466	0.053518	0.050178	0.0064963	6.1146e-07	0.352021803966256
Linnarsson_MouseBrainAtlas_level5	HBGLU1	109	15314	0.13459	0.074277	0.037378	0.00015921	3.0877e-08	0.505705076531593
Linnarsson_MouseBrainAtlas_level5	HBINH6	109	15314	0.12724	0.057369	0.044288	0.0020364	3.5286e-07	0.417075495170598
Linnarsson_MouseBrainAtlas_level5	HBGLU1	110	15314	0.13473	0.074358	0.036941	0.000133	3.0877e-08	0.516106528711234
Linnarsson_MouseBrainAtlas_level5	HBINH2	110	15314	0.10452	0.063183	0.034245	0.001138	2.4232e-07	0.444986540741585
Linnarsson_MouseBrainAtlas_level5	HBCHO2	111	15314	0.1304	0.076031	0.045143	0.001937	5.9379e-08	0.375412753600663
Linnarsson_MouseBrainAtlas_level5	HBCHO1	111	15314	0.041386	0.02191	0.043259	0.16937	2.8092e-06	0.138912905516943
Linnarsson_MouseBrainAtlas_level5	HBCHO3	112	15314	0.085966	0.05966	0.03244	0.0040285	3.7895e-08	0.322695285918369
Linnarsson_MouseBrainAtlas_level5	HBCHO2	112	15314	0.09723	0.056689	0.039198	0.0065659	5.9379e-08	0.302047446457871
Linnarsson_MouseBrainAtlas_level5	HBCHO2	113	15314	0.12396	0.072272	0.038326	0.00061121	5.9379e-08	0.444733777739727
Linnarsson_MouseBrainAtlas_level5	HBCHO4	113	15314	0.068359	0.040465	0.041292	0.048921	3.2672e-06	0.238889291251025
Linnarsson_MouseBrainAtlas_level5	HBCHO2	114	15314	0.12017	0.070062	0.050942	0.0091724	5.9379e-08	0.28195592340294
Linnarsson_MouseBrainAtlas_level5	HBINH5	114	15314	0.074641	0.032045	0.0724	0.15129	6.1146e-07	0.131998448569468
Linnarsson_MouseBrainAtlas_level5	HBCHO2	115	15314	0.10962	0.063916	0.044103	0.0064711	5.9379e-08	0.30292148908225
Linnarsson_MouseBrainAtlas_level5	HBINH6	115	15314	0.094814	0.04275	0.057323	0.049072	3.5286e-07	0.202896090502078
Linnarsson_MouseBrainAtlas_level5	HBCHO2	116	15314	0.10736	0.062598	0.040214	0.0037988	5.9379e-08	0.334933657572167
Linnarsson_MouseBrainAtlas_level5	HBINH2	116	15314	0.085873	0.05191	0.040893	0.017876	2.4232e-07	0.264182661705015
Linnarsson_MouseBrainAtlas_level5	HBCHO3	117	15314	0.10523	0.073028	0.031986	0.00050249	3.7895e-08	0.444507038585784
Linnarsson_MouseBrainAtlas_level5	HBCHO1	117	15314	0.058823	0.031141	0.037037	0.056129	2.8092e-06	0.225314116824921
Linnarsson_MouseBrainAtlas_level5	HBCHO1	118	15314	0.085767	0.045405	0.035636	0.0080537	2.8092e-06	0.377201788936795
Linnarsson_MouseBrainAtlas_level5	HBCHO4	118	15314	0.093989	0.055636	0.040065	0.0094967	3.2672e-06	0.368664247710407
Linnarsson_MouseBrainAtlas_level5	HBINH5	119	15314	0.14345	0.061588	0.056603	0.0056378	6.1146e-07	0.361928474928184
Linnarsson_MouseBrainAtlas_level5	HBCHO1	119	15314	0.071353	0.037775	0.038166	0.030782	2.8092e-06	0.272309407400288
Linnarsson_MouseBrainAtlas_level5	HBINH6	120	15314	0.13895	0.062651	0.049893	0.0026801	3.5286e-07	0.398588117559242
Linnarsson_MouseBrainAtlas_level5	HBCHO1	120	15314	0.071414	0.037807	0.036784	0.026113	2.8092e-06	0.285178204811987
Linnarsson_MouseBrainAtlas_level5	HBINH2	121	15314	0.11254	0.068032	0.038245	0.0016293	2.4232e-07	0.421427295558292
Linnarsson_MouseBrainAtlas_level5	HBCHO1	121	15314	0.071607	0.037909	0.03604	0.023477	2.8092e-06	0.293502956124
Linnarsson_MouseBrainAtlas_level5	HBCHO3	122	15314	0.10859	0.075362	0.034309	0.00077684	3.7895e-08	0.419012698556189
Linnarsson_MouseBrainAtlas_level5	HBCHO4	122	15314	0.053388	0.031603	0.044665	0.116	3.2672e-06	0.17053809292675
Linnarsson_MouseBrainAtlas_level5	HBCHO3	123	15314	0.097493	0.06766	0.032305	0.001275	3.7895e-08	0.390018427836179
Linnarsson_MouseBrainAtlas_level5	HBINH5	123	15314	0.10722	0.046033	0.055478	0.026645	6.1146e-07	0.253375849839813
Linnarsson_MouseBrainAtlas_level5	HBCHO3	124	15314	0.09614	0.066721	0.030402	0.00078441	3.7895e-08	0.418445213747625
Linnarsson_MouseBrainAtlas_level5	HBINH6	124	15314	0.11386	0.051339	0.047749	0.0085554	3.5286e-07	0.320463774604833
Linnarsson_MouseBrainAtlas_level5	HBCHO3	125	15314	0.092399	0.064125	0.033324	0.0027826	3.7895e-08	0.344347830656824
Linnarsson_MouseBrainAtlas_level5	HBINH2	125	15314	0.082912	0.05012	0.040947	0.021449	2.4232e-07	0.252220545681946
Linnarsson_MouseBrainAtlas_level5	HBINH5	126	15314	0.14563	0.062523	0.054973	0.0040389	6.1146e-07	0.385239569950431
Linnarsson_MouseBrainAtlas_level5	HBCHO4	126	15314	0.081248	0.048094	0.041673	0.025619	3.2672e-06	0.290100036967482
Linnarsson_MouseBrainAtlas_level5	HBINH6	127	15314	0.14162	0.063857	0.047519	0.0014419	3.5286e-07	0.44031150084196
Linnarsson_MouseBrainAtlas_level5	HBCHO4	127	15314	0.084537	0.050041	0.039389	0.015936	3.2672e-06	0.327684699199604
Linnarsson_MouseBrainAtlas_level5	HBINH2	128	15314	0.11319	0.068421	0.040239	0.0024586	2.4232e-07	0.394417420460654
Linnarsson_MouseBrainAtlas_level5	HBCHO4	128	15314	0.072742	0.043059	0.042633	0.043991	3.2672e-06	0.247298509106284
Linnarsson_MouseBrainAtlas_level5	HBINH6	129	15314	0.11918	0.053736	0.06725	0.038192	3.5286e-07	0.219767548869469
Linnarsson_MouseBrainAtlas_level5	HBINH5	129	15314	0.1061	0.045551	0.073533	0.074541	6.1146e-07	0.181472735225565
Linnarsson_MouseBrainAtlas_level5	HBINH2	130	15314	0.099239	0.05999	0.046294	0.016037	2.4232e-07	0.27130932296728
Linnarsson_MouseBrainAtlas_level5	HBINH5	130	15314	0.10849	0.046578	0.0647	0.046797	6.1146e-07	0.214010420689687
Linnarsson_MouseBrainAtlas_level5	HBINH2	131	15314	0.097411	0.058885	0.04105	0.0088291	2.4232e-07	0.310490390847127
Linnarsson_MouseBrainAtlas_level5	HBINH6	131	15314	0.11622	0.052402	0.052469	0.013388	3.5286e-07	0.290323755771304
Linnarsson_MouseBrainAtlas_level6_rank4	Chmn	132	15314	0.1945	0.10566	0.047063	1.8023e-05	8.03e-10	0.521607976189693
Linnarsson_MouseBrainAtlas_level6_rank4	Hind	132	15314	0.033387	0.015521	0.046345	0.23564	4.1879e-06	0.116725651615985
TabulaMuris_FACS_all	Brain_Non.Myeloid.neuron	133	14058	0.026478	0.049237	0.0078599	0.00037855	4.8912e-07	0.542244019844691
TabulaMuris_FACS_all	Brain_Non.Myeloid.oligodendrocyte	133	14058	0.02599	0.045146	0.0080279	0.00060431	7.6735e-07	0.526367423768752
TabulaMuris_FACS_all	Brain_Non.Myeloid.oligodendrocyte_precursor_cell	134	14058	0.022945	0.044567	0.0082881	0.00282	2.8178e-07	0.389269606345751
TabulaMuris_FACS_all	Brain_Non.Myeloid.neuron	134	14058	0.022493	0.041826	0.0087545	0.0051007	4.8912e-07	0.363257981948797
TabulaMuris_FACS_all	Brain_Non.Myeloid.oligodendrocyte_precursor_cell	135	14058	0.023839	0.046302	0.008071	0.0015731	2.8178e-07	0.427970262922827
TabulaMuris_FACS_all	Brain_Non.Myeloid.oligodendrocyte	135	14058	0.022696	0.039423	0.0087074	0.0045791	7.6735e-07	0.382537593560792
